0 0.09556786703601108 0.9277456647398844 0.11911357340720222 0.08670520231213873
0 0.10941828254847645 0.815028901734104 0.11357340720221606 0.07321772639691715
0 0.1329639889196676 0.6994219653179191 0.12742382271468145 0.1001926782273603
0 0.1634349030470914 0.5847784200385356 0.12188365650969529 0.08670520231213873
0 0.21191135734072022 0.4836223506743738 0.1523545706371191 0.10404624277456648
0 0.2894736842105263 0.3969171483622351 0.10249307479224377 0.10789980732177264
0 0.37950138504155123 0.3092485549132948 0.11634349030470914 0.10982658959537572
0 0.47368421052631576 0.2350674373795761 0.08310249307479224 0.11946050096339114
0 0.574792243767313 0.17630057803468208 0.11357340720221606 0.12909441233140656
0 0.6980609418282548 0.13872832369942195 0.1440443213296399 0.11946050096339114
0 0.814404432132964 0.1001926782273603 0.10526315789473684 0.11560693641618497
0 0.9376731301939059 0.0789980732177264 0.12465373961218837 0.11946050096339114