0 0.09922928709055877 0.06788511749347259 0.1599229287090559 0.13054830287206268
0 0.2610789980732177 0.20757180156657964 0.11368015414258188 0.14882506527415143
0 0.4142581888246628 0.21018276762402088 0.11175337186897881 0.10704960835509138
0 0.5655105973025049 0.21148825065274152 0.09826589595375723 0.10966057441253264
0 0.7196531791907514 0.21018276762402088 0.1252408477842004 0.13315926892950392
0 0.18689788053949905 0.3668407310704961 0.1001926782273603 0.1227154046997389
0 0.3439306358381503 0.3577023498694517 0.09441233140655106 0.10443864229765012
0 0.49229287090558765 0.360313315926893 0.10211946050096339 0.11488250652741515
0 0.6483622350674374 0.360313315926893 0.09826589595375723 0.11488250652741515
0 0.7986512524084779 0.35900783289817234 0.0905587668593449 0.1122715404699739
0 0.19171483622350674 0.5169712793733682 0.09826589595375723 0.10966057441253264
0 0.33911368015414256 0.5104438642297651 0.11175337186897881 0.09660574412532637
0 0.5645472061657033 0.4908616187989556 0.1233140655105973 0.10966057441253264
0 0.7312138728323699 0.4934725848563969 0.11368015414258188 0.11488250652741515
0 0.48265895953757226 0.6501305483028721 0.12138728323699421 0.10443864229765012
0 0.6425818882466281 0.643603133159269 0.10982658959537572 0.10704960835509138
0 0.8044315992292871 0.6422976501305483 0.10211946050096339 0.10966057441253264
0 0.48554913294797686 0.8054830287206266 0.1348747591522158 0.10182767624020887
0 0.6454720616570327 0.8067885117493473 0.10789980732177264 0.09921671018276762
0 0.8034682080924855 0.8054830287206266 0.10404624277456648 0.1122715404699739