0 0.6903846153846154 0.6193820224719101 0.15 0.18820224719101122
0 0.22884615384615384 0.19662921348314608 0.11538461538461539 0.11235955056179775
0 0.4 0.20365168539325842 0.1 0.12640449438202248
0 0.5701923076923077 0.20646067415730338 0.10192307692307692 0.12078651685393259
0 0.7423076923076923 0.20646067415730338 0.11538461538461539 0.14325842696629212
0 0.19807692307692307 0.40870786516853935 0.12692307692307692 0.10955056179775281
0 0.35865384615384616 0.4044943820224719 0.12115384615384615 0.12921348314606743
0 0.5365384615384615 0.4101123595505618 0.10384615384615385 0.12359550561797752
0 0.7096153846153846 0.40870786516853935 0.10384615384615385 0.12078651685393259
0 0.20192307692307693 0.5856741573033708 0.11538461538461539 0.12640449438202248
0 0.3971153846153846 0.6193820224719101 0.12115384615384615 0.14325842696629212
0 0.19615384615384615 0.7528089887640449 0.08846153846153847 0.11235955056179775
0 0.30865384615384617 0.7794943820224719 0.10961538461538461 0.13202247191011235
0 0.4778846153846154 0.7823033707865169 0.10192307692307692 0.12640449438202248