0 0.313 0.7663316582914573 0.142 0.06030150753768844
0 0.496 0.7650753768844221 0.12 0.05778894472361809
0 0.69 0.7701005025125628 0.108 0.052763819095477386
0 0.104 0.44472361809045224 0.112 0.06532663316582915
0 0.303 0.45226130653266333 0.118 0.06532663316582915
0 0.491 0.4472361809045226 0.086 0.04020100502512563
0 0.684 0.4258793969849246 0.112 0.052763819095477386
0 0.872 0.44095477386934673 0.116 0.052763819095477386
0 0.109 0.11055276381909548 0.09 0.05025125628140704
0 0.309 0.11180904522613065 0.122 0.06281407035175879
0 0.49 0.12185929648241206 0.092 0.04773869346733668
0 0.682 0.10301507537688442 0.088 0.05025125628140704
0 0.873 0.11557788944723618 0.126 0.05025125628140704