0 0.07171314741035857 0.2299168975069252 0.07569721115537849 0.14958448753462603
0 0.14940239043824702 0.23407202216066483 0.0796812749003984 0.14681440443213298
0 0.2250996015936255 0.23407202216066483 0.0796812749003984 0.15789473684210525
0 0.30677290836653387 0.2299168975069252 0.09163346613545817 0.16620498614958448
0 0.3904382470119522 0.22160664819944598 0.08366533864541832 0.16620498614958448
0 0.4591633466135458 0.2299168975069252 0.0697211155378486 0.18282548476454294
0 0.5338645418326693 0.22299168975069253 0.08764940239043825 0.16897506925207756
0 0.6095617529880478 0.22714681440443213 0.0796812749003984 0.1772853185595568
0 0.6892430278884463 0.22714681440443213 0.08764940239043825 0.17174515235457063
0 0.7689243027888446 0.22714681440443213 0.0796812749003984 0.17174515235457063
0 0.8326693227091634 0.23407202216066483 0.07569721115537849 0.1745152354570637
0 0.9043824701195219 0.22714681440443213 0.08366533864541832 0.17174515235457063