0 0.47876447876447875 0.24937343358395989 0.0888030888030888 0.05263157894736842
0 0.17953667953667954 0.24561403508771928 0.09652509652509653 0.05513784461152882
0 0.12548262548262548 0.07769423558897243 0.19305019305019305 0.11528822055137844
0 0.8001930501930502 0.22180451127819548 0.09073359073359073 0.05764411027568922
0 0.6428571428571429 0.5037593984962406 0.10810810810810811 0.05513784461152882
0 0.8301158301158301 0.5012531328320802 0.08108108108108109 0.045112781954887216
0 0.4584942084942085 0.5037593984962406 0.10231660231660232 0.045112781954887216
0 0.19015444015444016 0.4924812030075188 0.09073359073359073 0.05764411027568922
0 0.4594594594594595 0.7844611528822055 0.09652509652509653 0.05012531328320802
0 0.6418918918918919 0.7832080200501254 0.10617760617760617 0.05263157894736842
0 0.8416988416988417 0.7882205513784462 0.07722007722007722 0.03258145363408521