0 0.11143984220907298 0.5802005012531328 0.16765285996055226 0.23809523809523808
0 0.2938856015779093 0.7531328320802005 0.17357001972386588 0.19298245614035087
0 0.5956607495069034 0.8045112781954887 0.17357001972386588 0.15037593984962405
0 0.2879684418145957 0.24937343358395989 0.20512820512820512 0.19298245614035087
0 0.30177514792899407 0.46115288220551376 0.17357001972386588 0.18045112781954886
0 0.5167652859960552 0.16165413533834586 0.15779092702169625 0.17293233082706766
0 0.6597633136094675 0.2518796992481203 0.15976331360946747 0.17293233082706766
0 0.6045364891518737 0.43734335839599 0.20315581854043394 0.15789473684210525
0 0.4970414201183432 0.6090225563909775 0.17357001972386588 0.16541353383458646
0 0.6794871794871795 0.6190476190476191 0.16370808678500987 0.16040100250626566
0 0.8392504930966469 0.3283208020050125 0.15976331360946747 0.17543859649122806
0 0.849112426035503 0.5225563909774437 0.16765285996055226 0.14786967418546365