0 0.5942028985507246 0.24258760107816713 0.3105590062111801 0.07008086253369272
0 0.5538302277432712 0.46226415094339623 0.3416149068322981 0.07277628032345014
0 0.2639751552795031 0.2398921832884097 0.12629399585921325 0.05390835579514825
0 0.38198757763975155 0.238544474393531 0.07246376811594203 0.09433962264150944
0 0.3198757763975155 0.46765498652291104 0.08074534161490683 0.10512129380053908
0 0.1873706004140787 0.4636118598382749 0.14285714285714285 0.05929919137466307
0 0.2991718426501035 0.6185983827493261 0.13871635610766045 0.029649595687331536
0 0.35714285714285715 0.7075471698113207 0.14285714285714285 0.029649595687331536
0 0.6242236024844721 0.6199460916442049 0.12215320910973085 0.03234501347708895
0 0.6853002070393375 0.7075471698113207 0.14492753623188406 0.029649595687331536
0 0.14803312629399587 0.6159029649595688 0.055900621118012424 0.029649595687331536
0 0.4917184265010352 0.6185983827493261 0.055900621118012424 0.02425876010781671
0 0.2028985507246377 0.7035040431266847 0.049689440993788817 0.026954177897574125
0 0.5320910973084886 0.706199460916442 0.057971014492753624 0.026954177897574125
0 0.1997929606625259 0.6172506738544474 0.039337474120082816 0.04851752021563342
0 0.5859213250517599 0.7048517520215634 0.033126293995859216 0.04582210242587601
0 0.5372670807453416 0.6159029649595688 0.035196687370600416 0.04582210242587601