0 0.14158415841584157 0.14102564102564102 0.12475247524752475 0.1076923076923077
0 0.14257425742574256 0.2153846153846154 0.11089108910891089 0.03076923076923077
0 0.14257425742574256 0.24743589743589745 0.10693069306930693 0.05384615384615385
0 0.6287128712871287 0.25256410256410255 0.16831683168316833 0.1564102564102564
0 0.8118811881188119 0.21923076923076923 0.16633663366336635 0.04871794871794872
0 0.810891089108911 0.2743589743589744 0.16831683168316833 0.06666666666666667
0 0.10891089108910891 0.5717948717948718 0.07920792079207921 0.08717948717948718
0 0.19207920792079208 0.5564102564102564 0.07920792079207921 0.02564102564102564
0 0.1910891089108911 0.5846153846153846 0.08118811881188119 0.03076923076923077
0 0.6297029702970297 0.6474358974358975 0.15841584158415842 0.16153846153846155
0 0.808910891089109 0.6217948717948718 0.16435643564356436 0.04358974358974359
0 0.808910891089109 0.6756410256410257 0.16831683168316833 0.0641025641025641
0 0.8257425742574257 0.55 0.22574257425742575 0.17692307692307693
0 0.3712871287128713 0.17564102564102563 0.22772277227722773 0.2076923076923077
0 0.8198019801980198 0.1282051282051282 0.24158415841584158 0.11794871794871795