0 0.18115942028985507 0.6917989417989417 0.10973084886128365 0.04497354497354497
0 0.3447204968944099 0.6891534391534392 0.10973084886128365 0.04497354497354497
0 0.520703933747412 0.6997354497354498 0.10973084886128365 0.04497354497354497
0 0.6739130434782609 0.7023809523809523 0.10973084886128365 0.04497354497354497
0 0.8250517598343685 0.7076719576719577 0.10973084886128365 0.04497354497354497
0 0.7567287784679089 0.4775132275132275 0.10973084886128365 0.04497354497354497
0 0.5890269151138716 0.5145502645502645 0.10973084886128365 0.04497354497354497
0 0.41511387163561075 0.5211640211640212 0.10973084886128365 0.042328042328042326
0 0.2515527950310559 0.5092592592592593 0.10973084886128365 0.04497354497354497
0 0.33229813664596275 0.3373015873015873 0.10973084886128365 0.04497354497354497
0 0.5020703933747412 0.33465608465608465 0.10973084886128365 0.04497354497354497
0 0.6614906832298136 0.33465608465608465 0.10973084886128365 0.04497354497354497