0 0.09027777777777778 0.15091863517060367 0.12103174603174603 0.05511811023622047
0 0.08432539682539683 0.2992125984251969 0.125 0.06299212598425197
0 0.1636904761904762 0.6811023622047244 0.25992063492063494 0.11286089238845144
0 0.07738095238095238 0.9514435695538058 0.12698412698412698 0.06036745406824147
0 0.6240079365079365 0.048556430446194225 0.08928571428571429 0.03937007874015748
0 0.8343253968253969 0.1141732283464567 0.22420634920634921 0.11811023622047244
0 0.8462301587301587 0.38188976377952755 0.21626984126984128 0.10761154855643044
0 0.19543650793650794 0.15091863517060367 0.08134920634920635 0.03937007874015748
0 0.39087301587301587 0.6811023622047244 0.17857142857142858 0.08136482939632546
0 0.18948412698412698 0.9488188976377953 0.08531746031746032 0.03937007874015748
0 0.6121031746031746 0.9133858267716536 0.10515873015873016 0.047244094488188976
0 0.7817460317460317 0.1994750656167979 0.07539682539682539 0.04199475065616798
0 0.7946428571428571 0.463254593175853 0.07738095238095238 0.03937007874015748