0 0.16733870967741934 0.13131313131313133 0.3024193548387097 0.19696969696969696
0 0.06955645161290322 0.37752525252525254 0.0907258064516129 0.07828282828282829
0 0.07560483870967742 0.5883838383838383 0.09879032258064516 0.09595959595959595
0 0.0625 0.8232323232323232 0.11290322580645161 0.10101010101010101
0 0.3941532258064516 0.10606060606060606 0.08669354838709678 0.09090909090909091
0 0.3286290322580645 0.8232323232323232 0.11290322580645161 0.08080808080808081
0 0.5776209677419355 0.8409090909090909 0.09879032258064516 0.09090909090909091
0 0.5987903225806451 0.09722222222222222 0.0846774193548387 0.07323232323232323
0 0.8165322580645161 0.1111111111111111 0.0846774193548387 0.10101010101010101
0 0.8397177419354839 0.3952020202020202 0.1028225806451613 0.12373737373737374
0 0.8689516129032258 0.7411616161616161 0.13306451612903225 0.12878787878787878