0 0.4886831275720165 0.3090909090909091 0.12962962962962962 0.13506493506493505
0 0.6676954732510288 0.36103896103896105 0.12962962962962962 0.14545454545454545
0 0.8816872427983539 0.4077922077922078 0.15843621399176955 0.14025974025974025
0 0.9434156378600823 0.2909090909090909 0.11316872427983539 0.12467532467532468
0 0.7829218106995884 0.24805194805194805 0.12139917695473251 0.13246753246753246
0 0.5751028806584362 0.22467532467532467 0.12139917695473251 0.1012987012987013
0 0.43415637860082307 0.18441558441558442 0.11522633744855967 0.11428571428571428
0 0.3065843621399177 0.16233766233766234 0.09876543209876543 0.10649350649350649
0 0.3323045267489712 0.2792207792207792 0.12139917695473251 0.13766233766233765
0 0.17695473251028807 0.12597402597402596 0.1111111111111111 0.10649350649350649
0 0.18621399176954734 0.24805194805194805 0.10493827160493827 0.13246753246753246
0 0.06584362139917696 0.09220779220779221 0.09876543209876543 0.11168831168831168
0 0.050411522633744855 0.21428571428571427 0.09670781893004116 0.11688311688311688