0 0.13996138996138996 0.21052631578947367 0.23745173745173745 0.21052631578947367
0 0.42084942084942084 0.2710526315789474 0.23938223938223938 0.17894736842105263
0 0.7065637065637066 0.2723684210526316 0.23552123552123552 0.19736842105263158
0 0.6795366795366795 0.5368421052631579 0.2277992277992278 0.07368421052631578
0 0.9131274131274131 0.5342105263157895 0.17374517374517376 0.07368421052631578
0 0.9121621621621622 0.6118421052631579 0.17567567567567569 0.07105263157894737
0 0.9198841698841699 0.6921052631578948 0.16023166023166024 0.07368421052631578
0 0.9208494208494209 0.7789473684210526 0.1583011583011583 0.08421052631578947
0 0.9227799227799228 0.8697368421052631 0.15444015444015444 0.09210526315789473
0 0.9285714285714286 0.9605263157894737 0.14285714285714285 0.07894736842105263
0 0.6785714285714286 0.6105263157894737 0.22586872586872586 0.06842105263157895
0 0.6833976833976834 0.6921052631578948 0.23552123552123552 0.07368421052631578
0 0.6833976833976834 0.7736842105263158 0.2471042471042471 0.07894736842105263
0 0.6862934362934363 0.8578947368421053 0.2606177606177606 0.07368421052631578
0 0.6959459459459459 0.9592105263157895 0.2644787644787645 0.08157894736842106
0 0.40057915057915056 0.5394736842105263 0.21428571428571427 0.07368421052631578
0 0.4092664092664093 0.6223684210526316 0.2277992277992278 0.06578947368421052
0 0.4034749034749035 0.6947368421052632 0.23938223938223938 0.06315789473684211
0 0.39285714285714285 0.7644736842105263 0.22972972972972974 0.06578947368421052
0 0.38803088803088803 0.8592105263157894 0.23552123552123552 0.06578947368421052
0 0.38803088803088803 0.95 0.24324324324324326 0.07894736842105263
0 0.15347490347490347 0.5197368421052632 0.20656370656370657 0.07631578947368421
0 0.14961389961389962 0.5986842105263158 0.22972972972972974 0.06578947368421052
0 0.12451737451737452 0.6907894736842105 0.22972972972972974 0.06578947368421052
0 0.11872586872586872 0.775 0.2335907335907336 0.060526315789473685
0 0.1138996138996139 0.8644736842105263 0.22393822393822393 0.07631578947368421
0 0.10038610038610038 0.9578947368421052 0.1969111969111969 0.08421052631578947
0 0.86003861003861 0.04078947368421053 0.20270270270270271 0.05526315789473684
0 0.8716216216216216 0.08947368421052632 0.19884169884169883 0.042105263157894736
0 0.8783783783783784 0.1394736842105263 0.20463320463320464 0.05789473684210526
0 0.6428571428571429 0.02763157894736842 0.18146718146718147 0.039473684210526314
0 0.6486486486486487 0.08026315789473684 0.1969111969111969 0.060526315789473685
0 0.6496138996138996 0.11973684210526316 0.19884169884169883 0.06578947368421052
0 0.416988416988417 0.02631578947368421 0.18532818532818532 0.04736842105263158
0 0.42857142857142855 0.075 0.18146718146718147 0.060526315789473685
0 0.42084942084942084 0.12894736842105264 0.18532818532818532 0.05789473684210526
0 0.2055984555984556 0.06315789473684211 0.17953667953667954 0.05789473684210526