0 0.04918032786885246 0.2125340599455041 0.0942622950819672 0.10899182561307902
0 0.18442622950819673 0.24931880108991825 0.12295081967213115 0.12806539509536785
0 0.3350409836065574 0.28065395095367845 0.11270491803278689 0.11444141689373297
0 0.48463114754098363 0.3119891008174387 0.1290983606557377 0.1335149863760218
0 0.6577868852459017 0.36648501362397823 0.14344262295081966 0.13896457765667575
0 0.8780737704918032 0.4128065395095368 0.15778688524590165 0.14986376021798364
0 0.06454918032786885 0.08991825613079019 0.10040983606557377 0.10354223433242507
0 0.18032786885245902 0.12125340599455041 0.11065573770491803 0.10626702997275204
0 0.3073770491803279 0.1566757493188011 0.09016393442622951 0.1335149863760218
0 0.4395491803278688 0.18119891008174388 0.09631147540983606 0.1226158038147139
0 0.5840163934426229 0.21934604904632152 0.13114754098360656 0.12806539509536785
0 0.7715163934426229 0.24659400544959129 0.125 0.1444141689373297
0 0.9334016393442623 0.28610354223433243 0.13319672131147542 0.15258855585831063