0 0.15306122448979592 0.04269972451790634 0.17551020408163265 0.046831955922865015
0 0.38571428571428573 0.06336088154269973 0.1673469387755102 0.0440771349862259
0 0.6204081632653061 0.0881542699724518 0.15918367346938775 0.05509641873278237
0 0.8510204081632653 0.09366391184573003 0.15510204081632653 0.07162534435261708
0 0.14081632653061224 0.3044077134986226 0.15918367346938775 0.05785123966942149
0 0.37755102040816324 0.30303030303030304 0.17551020408163265 0.0440771349862259
0 0.6285714285714286 0.32920110192837465 0.14285714285714285 0.046831955922865015
0 0.8612244897959184 0.3319559228650138 0.17551020408163265 0.05234159779614325
0 0.0836734693877551 0.6859504132231405 0.15918367346938775 0.05509641873278237
0 0.3510204081632653 0.6928374655647382 0.18775510204081633 0.06887052341597796
0 0.610204081632653 0.7024793388429752 0.17959183673469387 0.07713498622589532
0 0.8693877551020408 0.7024793388429752 0.1836734693877551 0.06060606060606061