0 0.4887755102040816 0.1953125 0.3448979591836735 0.11979166666666667
0 0.08775510204081632 0.46875 0.12653061224489795 0.40625
0 0.1704081632653061 0.4856770833333333 0.11632653061224489 0.3723958333333333
0 0.24489795918367346 0.4908854166666667 0.09795918367346938 0.3619791666666667
0 0.3153061224489796 0.54296875 0.07959183673469387 0.3671875
0 0.42244897959183675 0.50390625 0.10612244897959183 0.3671875
0 0.5489795918367347 0.4765625 0.10204081632653061 0.3645833333333333
0 0.6377551020408163 0.50390625 0.07551020408163266 0.3776041666666667
0 0.713265306122449 0.4609375 0.03877551020408163 0.421875
0 0.7846938775510204 0.4466145833333333 0.07959183673469387 0.4609375
0 0.8571428571428571 0.49609375 0.0653061224489796 0.4140625
0 0.9428571428571428 0.4479166666666667 0.07755102040816327 0.4479166666666667