0 0.28106508875739644 0.41309823677581864 0.23471400394477318 0.473551637279597
0 0.2702169625246548 0.6977329974811083 0.23274161735700197 0.3425692695214106
0 0.4990138067061144 0.3853904282115869 0.09861932938856016 0.28211586901763225
0 0.4881656804733728 0.575566750629723 0.09270216962524655 0.23425692695214106
0 0.6153846153846154 0.36397984886649876 0.05917159763313609 0.2141057934508816
0 0.6074950690335306 0.5050377833753149 0.055226824457593686 0.15365239294710328
0 0.6666666666666666 0.36397984886649876 0.03944773175542406 0.163727959697733
0 0.6637080867850098 0.47732997481108314 0.03353057199211045 0.12342569269521411
0 0.7011834319526628 0.36397984886649876 0.029585798816568046 0.11838790931989925
0 0.7011834319526628 0.44710327455919396 0.029585798816568046 0.0982367758186398
0 0.73767258382643 0.3602015113350126 0.027613412228796843 0.11083123425692695
0 0.7386587771203156 0.43702770780856426 0.029585798816568046 0.09319899244332494
0 0.7583826429980276 0.327455919395466 0.021696252465483234 0.10579345088161209
0 0.7633136094674556 0.4068010075566751 0.01972386587771203 0.07808564231738035