0 0.3675889328063241 0.11756756756756757 0.12648221343873517 0.20810810810810812
0 0.5296442687747036 0.12027027027027028 0.12648221343873517 0.20810810810810812
0 0.7035573122529645 0.11486486486486487 0.12648221343873517 0.20810810810810812
0 0.2707509881422925 0.8743243243243243 0.12648221343873517 0.20810810810810812
0 0.44466403162055335 0.8797297297297297 0.12648221343873517 0.20810810810810812
0 0.6126482213438735 0.8797297297297297 0.12648221343873517 0.20810810810810812
0 0.13537549407114624 0.23378378378378378 0.23122529644268774 0.3810810810810811
0 0.8606719367588933 0.7702702702702703 0.23122529644268774 0.3837837837837838
0 0.8992094861660079 0.0918918918918919 0.09486166007905138 0.15135135135135136
0 0.08596837944664032 0.9121621621621622 0.09288537549407115 0.14864864864864866
0 0.038537549407114624 0.6459459459459459 0.05731225296442688 0.31351351351351353
0 0.1324110671936759 0.6459459459459459 0.05928853754940711 0.31351351351351353
0 0.849802371541502 0.35945945945945945 0.05928853754940711 0.31351351351351353
0 0.9466403162055336 0.3567567567567568 0.05928853754940711 0.31351351351351353
0 0.441699604743083 0.6229729729729729 0.46047430830039526 0.1864864864864865
0 0.5355731225296443 0.377027027027027 0.45849802371541504 0.1864864864864865