0 0.19959677419354838 0.34782608695652173 0.06451612903225806 0.09782608695652174
0 0.27419354838709675 0.35190217391304346 0.06451612903225806 0.09510869565217392
0 0.3840725806451613 0.4171195652173913 0.07459677419354839 0.13858695652173914
0 0.4949596774193548 0.3953804347826087 0.08669354838709678 0.13858695652173914
0 0.6098790322580645 0.4171195652173913 0.07459677419354839 0.11684782608695653
0 0.717741935483871 0.3532608695652174 0.06048387096774194 0.08695652173913043
0 0.7963709677419355 0.4171195652173913 0.06854838709677419 0.04076086956521739
0 0.7147177419354839 0.43478260869565216 0.08266129032258064 0.059782608695652176
0 0.6098790322580645 0.4904891304347826 0.07459677419354839 0.04076086956521739
0 0.4949596774193548 0.48777173913043476 0.09475806451612903 0.04619565217391304
0 0.3810483870967742 0.49320652173913043 0.06854838709677419 0.035326086956521736
0 0.27419354838709675 0.42934782608695654 0.07258064516129033 0.03804347826086957
0 0.19959677419354838 0.42391304347826086 0.07258064516129033 0.03804347826086957