0 0.15942028985507245 0.11285714285714285 0.2815734989648033 0.15142857142857144
0 0.4078674948240166 0.12 0.32298136645962733 0.17142857142857143
0 0.6563146997929606 0.12 0.2815734989648033 0.17714285714285713
0 0.9047619047619048 0.09571428571428571 0.19047619047619047 0.1457142857142857
0 0.07039337474120083 0.44142857142857145 0.12422360248447205 0.16285714285714287
0 0.2732919254658385 0.44857142857142857 0.2732919254658385 0.17714285714285713
0 0.5590062111801242 0.45571428571428574 0.2815734989648033 0.19142857142857142
0 0.8053830227743272 0.45571428571428574 0.2525879917184265 0.20857142857142857
0 0.9057971014492754 0.78 0.18012422360248448 0.19428571428571428
0 0.6790890269151139 0.7785714285714286 0.2857142857142857 0.19142857142857142
0 0.41821946169772256 0.7885714285714286 0.3146997929606625 0.18285714285714286
0 0.13664596273291926 0.7771428571428571 0.2525879917184265 0.17714285714285713