0 0.6073298429319371 0.5302083333333333 0.11518324607329843 0.3145833333333333
0 0.3206806282722513 0.315625 0.06544502617801047 0.06875
0 0.40445026178010474 0.31145833333333334 0.06544502617801047 0.06875
0 0.4882198952879581 0.30625 0.06544502617801047 0.07083333333333333
0 0.31544502617801046 0.44479166666666664 0.06544502617801047 0.06875
0 0.39659685863874344 0.43854166666666666 0.06544502617801047 0.06875
0 0.4908376963350785 0.44479166666666664 0.06544502617801047 0.06875
0 0.3075916230366492 0.5625 0.06544502617801047 0.07083333333333333
0 0.39397905759162305 0.5739583333333333 0.06544502617801047 0.06875
0 0.5013089005235603 0.5760416666666667 0.06544502617801047 0.06875
0 0.4803664921465969 0.728125 0.06544502617801047 0.06875
0 0.40445026178010474 0.7177083333333333 0.06544502617801047 0.06875
0 0.3102094240837696 0.715625 0.06544502617801047 0.06875