0 0.022030651340996167 0.38076923076923075 0.03639846743295019 0.1564102564102564
0 0.11590038314176246 0.36923076923076925 0.04789272030651341 0.16923076923076924
0 0.19540229885057472 0.3192307692307692 0.0421455938697318 0.16153846153846155
0 0.32471264367816094 0.2846153846153846 0.05938697318007663 0.13846153846153847
0 0.4549808429118774 0.27564102564102566 0.11685823754789272 0.2128205128205128
0 0.5977011494252874 0.23717948717948717 0.038314176245210725 0.19743589743589743
0 0.7538314176245211 0.2205128205128205 0.1053639846743295 0.24102564102564103
0 0.8773946360153256 0.1717948717948718 0.06896551724137931 0.18461538461538463
0 0.09003831417624521 0.7769230769230769 0.05363984674329502 0.3230769230769231
0 0.19923371647509577 0.7435897435897436 0.08045977011494253 0.2564102564102564
0 0.38122605363984674 0.7474358974358974 0.10344827586206896 0.30512820512820515
0 0.5210727969348659 0.708974358974359 0.10727969348659004 0.32564102564102565
0 0.7538314176245211 0.7051282051282052 0.09003831417624521 0.3282051282051282
0 0.960727969348659 0.676923076923077 0.07854406130268199 0.3128205128205128