0 0.2920892494929006 0.3637566137566138 0.1460446247464503 0.1455026455026455
0 0.5223123732251521 0.37037037037037035 0.17647058823529413 0.10582010582010581
0 0.6876267748478702 0.3584656084656085 0.09330628803245436 0.09259259259259259
0 0.920892494929006 0.3637566137566138 0.10547667342799188 0.10846560846560846
0 0.9401622718052738 0.09391534391534391 0.11967545638945233 0.12962962962962962
0 0.731237322515213 0.07671957671957672 0.11561866125760649 0.1111111111111111
0 0.5050709939148073 0.06481481481481481 0.11764705882352941 0.11904761904761904
0 0.2870182555780933 0.08597883597883597 0.14807302231237324 0.11375661375661375
0 0.06288032454361055 0.09523809523809523 0.12170385395537525 0.13227513227513227
0 0.06592292089249494 0.3531746031746032 0.12778904665314403 0.12962962962962962
0 0.07707910750507099 0.6455026455026455 0.13387423935091278 0.1111111111111111
0 0.28093306288032455 0.6521164021164021 0.13995943204868155 0.15079365079365079
0 0.5020283975659229 0.6534391534391535 0.12778904665314403 0.12698412698412698
0 0.6947261663286004 0.6653439153439153 0.09939148073022312 0.16137566137566137
0 0.8823529411764706 0.6428571428571429 0.11764705882352941 0.1693121693121693
0 0.8661257606490872 0.9166666666666666 0.15821501014198783 0.1402116402116402
0 0.6663286004056795 0.9259259259259259 0.12373225152129817 0.13227513227513227
0 0.48073022312373226 0.9259259259259259 0.13387423935091278 0.12169312169312169
0 0.2768762677484787 0.8915343915343915 0.1643002028397566 0.1746031746031746
0 0.05476673427991886 0.9126984126984127 0.09330628803245436 0.14814814814814814