0 0.13761467889908258 0.23467432950191572 0.14220183486238533 0.14367816091954022
0 0.2786697247706422 0.08812260536398467 0.17660550458715596 0.1111111111111111
0 0.48853211009174313 0.06992337164750957 0.13302752293577982 0.09770114942528736
0 0.6731651376146789 0.20977011494252873 0.15825688073394495 0.1206896551724138
0 0.625 0.3706896551724138 0.07110091743119266 0.1053639846743295
0 0.4873853211009174 0.4760536398467433 0.10321100917431193 0.10919540229885058
0 0.31995412844036697 0.6159003831417624 0.08486238532110092 0.09386973180076628
0 0.1731651376146789 0.7346743295019157 0.09403669724770643 0.09386973180076628
0 0.1353211009174312 0.8620689655172413 0.12844036697247707 0.07662835249042145
0 0.33371559633027525 0.8611111111111112 0.13990825688073394 0.07471264367816093
0 0.5573394495412844 0.8601532567049809 0.11467889908256881 0.09195402298850575
0 0.7706422018348624 0.8668582375478927 0.14220183486238533 0.07854406130268199