0 0.38537549407114624 0.24079320113314448 0.06324110671936758 0.028328611898016998
0 0.5612648221343873 0.24787535410764872 0.05928853754940711 0.036827195467422094
0 0.724308300395257 0.26203966005665724 0.0533596837944664 0.031161473087818695
0 0.5632411067193676 0.34419263456090654 0.06324110671936758 0.031161473087818695
0 0.4634387351778656 0.29178470254957506 0.04940711462450593 0.0339943342776204
0 0.383399209486166 0.34277620396600567 0.04743083003952569 0.039660056657223795
0 0.2964426877470356 0.29461756373937675 0.043478260869565216 0.039660056657223795
0 0.30138339920948615 0.20113314447592068 0.0533596837944664 0.056657223796033995
0 0.4772727272727273 0.19263456090651557 0.05731225296442688 0.039660056657223795
0 0.6521739130434783 0.10906515580736544 0.07114624505928854 0.025495750708215296
0 0.6413043478260869 0.20538243626062322 0.04940711462450593 0.042492917847025496
0 0.6393280632411067 0.6090651558073654 0.0533596837944664 0.039660056657223795
0 0.5543478260869565 0.5481586402266289 0.06126482213438735 0.04815864022662889
0 0.5612648221343873 0.4461756373937677 0.04743083003952569 0.04815864022662889
0 0.7302371541501976 0.4475920679886686 0.06521739130434782 0.0339943342776204
0 0.7460474308300395 0.35694050991501414 0.06126482213438735 0.039660056657223795
0 0.6363636363636364 0.3002832861189802 0.07509881422924901 0.0453257790368272
0 0.6413043478260869 0.4065155807365439 0.06521739130434782 0.031161473087818695
0 0.4792490118577075 0.40084985835694054 0.08893280632411067 0.04815864022662889
0 0.2875494071146245 0.3909348441926346 0.06126482213438735 0.039660056657223795
0 0.20059288537549408 0.4405099150141643 0.04940711462450593 0.031161473087818695
0 0.2816205533596838 0.5014164305949008 0.05731225296442688 0.0339943342776204
0 0.3784584980237154 0.4475920679886686 0.05731225296442688 0.0339943342776204
0 0.45454545454545453 0.4943342776203966 0.06719367588932806 0.031161473087818695
0 0.6393280632411067 0.5056657223796034 0.0533596837944664 0.036827195467422094
0 0.799407114624506 0.5169971671388102 0.06126482213438735 0.031161473087818695
0 0.8122529644268774 0.41359773371104813 0.06324110671936758 0.039660056657223795
0 0.7351778656126482 0.5637393767705382 0.039525691699604744 0.0453257790368272
0 0.8162055335968379 0.623229461756374 0.03557312252964427 0.05099150141643059
0 0.5503952569169961 0.6558073654390935 0.06126482213438735 0.025495750708215296
0 0.45652173913043476 0.6118980169971672 0.06324110671936758 0.0453257790368272
0 0.3725296442687747 0.5495750708215298 0.045454545454545456 0.0453257790368272
0 0.26778656126482214 0.6019830028328612 0.06521739130434782 0.031161473087818695
0 0.3695652173913043 0.6558073654390935 0.06719367588932806 0.036827195467422094
0 0.2658102766798419 0.7124645892351275 0.08102766798418973 0.031161473087818695
0 0.35276679841897235 0.7648725212464589 0.09288537549407115 0.039660056657223795
0 0.4505928853754941 0.7039660056657224 0.06719367588932806 0.031161473087818695
0 0.6413043478260869 0.7252124645892352 0.06521739130434782 0.039660056657223795
0 0.8063241106719368 0.7351274787535411 0.06719367588932806 0.04815864022662889
0 0.7262845849802372 0.7847025495750708 0.05731225296442688 0.0339943342776204
0 0.5454545454545454 0.7719546742209632 0.06324110671936758 0.025495750708215296
0 0.6324110671936759 0.8229461756373938 0.04743083003952569 0.059490084985835696
0 0.7322134387351779 0.8810198300283286 0.08893280632411067 0.039660056657223795
0 0.8033596837944664 0.8342776203966006 0.0533596837944664 0.036827195467422094
0 0.7252964426877471 0.6671388101983002 0.039525691699604744 0.04815864022662889
0 0.4525691699604743 0.8229461756373938 0.07114624505928854 0.031161473087818695
0 0.34782608695652173 0.8739376770538244 0.06719367588932806 0.036827195467422094
0 0.25 0.8186968838526912 0.06521739130434782 0.039660056657223795
0 0.2440711462450593 0.9348441926345609 0.0533596837944664 0.0226628895184136
0 0.4298418972332016 0.9320113314447592 0.06126482213438735 0.0339943342776204
0 0.541501976284585 0.8696883852691218 0.06324110671936758 0.0339943342776204
0 0.6235177865612648 0.9362606232294618 0.07707509881422925 0.042492917847025496
0 0.8102766798418972 0.9419263456090652 0.06719367588932806 0.031161473087818695
0 0.14130434782608695 0.19121813031161472 0.045454545454545456 0.031161473087818695
0 0.13438735177865613 0.2762039660056657 0.04743083003952569 0.031161473087818695
0 0.21442687747035574 0.22237960339943344 0.041501976284584984 0.031161473087818695
0 0.22826086956521738 0.1388101983002833 0.04940711462450593 0.039660056657223795
0 0.29446640316205536 0.10339943342776203 0.04743083003952569 0.031161473087818695
0 0.3922924901185771 0.14305949008498584 0.04940711462450593 0.031161473087818695
0 0.7302371541501976 0.16288951841359772 0.05731225296442688 0.025495750708215296
0 0.8389328063241107 0.17847025495750707 0.0533596837944664 0.05099150141643059
0 0.8389328063241107 0.273371104815864 0.025691699604743084 0.036827195467422094
0 0.9209486166007905 0.24504249291784702 0.039525691699604744 0.04815864022662889
0 0.9130434782608695 0.3271954674220963 0.03162055335968379 0.042492917847025496
0 0.8320158102766798 0.358356940509915 0.039525691699604744 0.036827195467422094