0 0.860655737704918 0.3337765957446808 0.09836065573770492 0.06648936170212766
0 0.8125 0.24468085106382978 0.07991803278688525 0.05851063829787234
0 0.1875 0.23404255319148937 0.06762295081967214 0.05319148936170213
0 0.1413934426229508 0.32313829787234044 0.09836065573770492 0.061170212765957445
0 0.11168032786885246 0.43882978723404253 0.07581967213114754 0.05319148936170213
0 0.07991803278688525 0.550531914893617 0.10655737704918032 0.0797872340425532
0 0.08196721311475409 0.6888297872340425 0.11065573770491803 0.05851063829787234
0 0.06147540983606557 0.8218085106382979 0.09836065573770492 0.05319148936170213
0 0.8852459016393442 0.4521276595744681 0.0942622950819672 0.05319148936170213
0 0.9149590163934426 0.5664893617021277 0.07991803278688525 0.0797872340425532
0 0.9323770491803278 0.7007978723404256 0.09016393442622951 0.07180851063829788
0 0.951844262295082 0.8191489361702128 0.07581967213114754 0.05851063829787234