0 0.5253411306042886 0.5 0.07992202729044834 0.14285714285714285
0 0.33723196881091616 0.8888888888888888 0.08966861598440545 0.15873015873015872
0 0.43664717348927873 0.6891534391534392 0.07017543859649122 0.10846560846560846
0 0.5282651072124757 0.8253968253968254 0.06627680311890838 0.09523809523809523
0 0.16666666666666666 0.3941798941798942 0.15009746588693956 0.291005291005291
0 0.6023391812865497 0.6481481481481481 0.05847953216374269 0.14285714285714285
0 0.6052631578947368 0.33465608465608465 0.05263157894736842 0.11375661375661375
0 0.6773879142300195 0.17724867724867724 0.056530214424951264 0.13227513227513227
0 0.7426900584795322 0.33465608465608465 0.04678362573099415 0.11375661375661375
0 0.672514619883041 0.4894179894179894 0.04678362573099415 0.08994708994708994
0 0.6715399610136452 0.7817460317460317 0.056530214424951264 0.12433862433862433
0 0.7348927875243665 0.6216931216931217 0.04678362573099415 0.10052910052910052
0 0.7943469785575049 0.7486772486772487 0.056530214424951264 0.10582010582010581
0 0.8011695906432749 0.4748677248677249 0.050682261208576995 0.10846560846560846
0 0.8060428849902534 0.19444444444444445 0.05263157894736842 0.11904761904761904
0 0.9122807017543859 0.21957671957671956 0.04678362573099415 0.10582010582010581
0 0.8576998050682261 0.3412698412698413 0.042884990253411304 0.08994708994708994
0 0.8557504873294347 0.6084656084656085 0.04678362573099415 0.10052910052910052
0 0.9064327485380117 0.47619047619047616 0.04678362573099415 0.09523809523809523
0 0.9005847953216374 0.7222222222222222 0.050682261208576995 0.1111111111111111